74.4774
1.82547
7.52373
5.98853
0.330583
1.32606
4.08883
1.8925
1.47841
1.8479
3.49589
0.440971
2.44425
4.93457
2.21454
7.03704
6.79997
4.43859
4.74471
3.5669
2.19116
0.764921
1.48347
0.910153
3.15848
10.7638
0.160929
1.51089
3.57818
2.50614
1.07711
1.69591
0.675253
4.00799
1.64836
3.03786
0.781577
0.777455
0.231142
0.771133
3.8271
0.283332
2.21058
0.488261
1.01225
2.52448
7.32505
2.77691
4.88944
10.0919
3.9539
2.94492
2.1101
1.31967
0.793646
1.35936
3.43207
7.66288
1.32595
1.86172
0.246963
6.49913
6.11424
2.17017
2.15808
6.54729
1.81526
3.00341
3.26388
10.1189
3.20147
5.56164
2.20848
1.27119
0.331676
2.21376
1.84111
2.52793
0.934158
1.06026
4.10623
5.69611
1.01572
2.0823
1.4478
4.42533
0.114855
3.4851
0.21985
0.513326
2.92428
1.84535
1.81241
4.70747
1.51345
1.26542
7.22956
3.45129
2.27906
2.90319
2.26101
4.8751
0.893738
2.16619
0.951088
2.46977
1.87251
2.71689
0.763584
1.31488
3.35636
3.63556
2.71594
2.47526
1.58324
1.38352
0.552812
2.4702
1.92095
2.63853
5.52579
5.30219
1.80584
3.6818
3.65663
2.16411
0.293369
2.05505
1.36869
4.11289
0.674304
0.235889
3.9446
0.356808
1.20156
5.32077
5.87322
3.59172
5.43743
2.91441
3.67675
3.13702
1.03934
0.342978
4.4398
0.464778
0.407978
2.369
3.50951
0.261148
5.58253
1.05832
7.1879
0.924164
1.7437
1.29723
1.70808
1.44053
2.87321
1.49277
2.78056
3.43155
2.9515
0.329807
4.54001
2.10438
2.20562
5.02345
7.98045
1.66976
0.618728
1.73974
3.91981
1.09582
4.90556
1.57337
2.52707
1.96523
6.33199
2.11524
0.811192
3.38339
1.85811
0.916708
1.95811
3.47835
0.29896
1.84414
1.327
6.27032
0.174638
11.2489
3.44584
0.37236
1.53273
1.10205
2.03767
1.6257
5.14957
2.27189
2.75365
1.82299
6.88134
8.42122
0.289566
0.6811
3.00009
2.12246
1.14869
0.597782
8.96663
2.31654
0.891664
3.14667
4.74742
1.7024
5.52366
1.57948
2.50289
5.7204
1.61985
6.0024
4.62423
1.64487
1.14324
4.59721
1.68641
5.72991
2.89856
0.403193
0.0386555
0.46729
0.264926
7.64849
6.57855
0.556305
1.92134
0.225701
1.3013
0.512867
2.68301
9.4918
0.221222
6.64952
3.90893
2.56799
6.37017
1.48298
1.98498
