0.220629
0.166699
0.251424
0.00615015
1.16158
2.16165
0.34524
12.3775
2.67212
1.67913
3.82224
0.220221
2.86057
0.492814
0.343011
0.732851
0.641831
3.02688
1.10281
1.3011
2.12252
0.303022
0.743659
3.16586
2.40587
0.896925
0.503614
2.3925
0.893322
0.464456
0.284634
0.282859
0.497081
0.495263
0.18448
1.74935
0.85497
0.640305
1.80624
3.80041
1.52775
1.29488
3.38082
4.00515
3.21356
0.971517
1.07443
2.13901
0.00515611
5.01682
1.02657
2.00528
0.980532
1.37877
0.364562
1.0995
2.24921
3.55766
0.0436551
0.529824
0.249513
2.00698
3.8082
0.914155
1.05103
0.552734
0.271566
2.75074
0.850485
0.747798
1.23951
1.86392
0.592751
0.703002
1.57094
0.173196
2.08461
0.141942
1.87142
0.687061
0.493248
3.54934
1.58918
0.808707
2.58566
2.91014
0.126838
3.17884
0.431541
0.177864
0.491403
1.80432
1.95768
0.765694
1.10486
1.74487
2.78691
1.17677
6.17344
0.0484782
0.51116
2.2411
1.64295
0.694605
2.0288
0.657984
0.67892
4.08779
1.21549
3.63128
0.35975
0.505292
4.1173
2.10436
0.787749
2.05595
0.86027
3.95318
0.0980422
0.966279
0.667386
0.293039
2.49033
0.264984
1.82968
0.638296
2.11423
2.26978
0.810077
0.0111557
1.27711
0.565549
1.37814
5.22092
3.94714
1.56808
1.5963
2.36164
1.69266
1.02367
0.505453
0.441412
2.54645
1.41465
4.73528
0.554314
1.23719
0.290651
1.80963
0.0872263
4.11301
0.70891
0.673896
3.7561
3.54415
3.16281
2.84987
0.513785
1.59622
4.27396
1.66234
1.15607
0.820292
1.81941
5.4106
2.15558
0.481475
1.49829
0.504436
0.182394
2.19259
0.271291
3.07671
1.28785
14.4668
0.759956
1.14003
1.40335
0.0766343
1.39815
6.32842
2.2628
0.67978
2.1191
3.13383
5.2598
2.80444
0.356391
0.61475
0.545606
0.540738
1.85224
4.25413
1.43837
5.88887
1.1194
1.15976
0.0109193
0.632915
2.64286
1.5204
2.79149
0.148476
0.492238
0.859424
0.118874
1.43735
0.290897
3.76179
2.06807
0.413854
0.95405
1.2166
0.0448054
0.072175
4.36192
0.989606
0.30644
2.10933
0.052523
4.55683
3.04835
1.33757
0.575858
0.627525
6.09094
0.730468
3.02149
0.807492
0.909351
1.11786
1.12435
2.07826
0.207644
2.18191
7.71901
0.633354
3.90007
2.02812
2.03042
0.797034
2.7181
1.01102
2.05912
0.715175
1.04751
4.71294
5.84158
0.633798
